local CFrameEnds = {
    CFrame.new(-478.648376, 27.3621216, -371.197052, -1, 0, 0, 0, 1, 0, 0, 0, -1),
    CFrame.new(-541.351624, 27.3621178, -357.197052, -1, 0, 0, 0, 1, 0, 0, 0, -1),
    CFrame.new(-525.648376, 27.3621216, -354.197052, -1, 0, 0, 0, 1, 0, 0, 0, -1),
    CFrame.new(-508.351624, 27.3621178, -350.197052, -1, 0, 0, 0, 1, 0, 0, 0, -1),
    CFrame.new(-513.351624, 27.3621178, -359.197052, -1, 0, 0, 0, 1, 0, 0, 0, -1),
    CFrame.new(-493.351624, 27.3621178, -357.197052, -1, 0, 0, 0, 1, 0, 0, 0, -1),
    CFrame.new(-477.648376, 27.3621216, -354.197052, -1, 0, 0, 0, 1, 0, 0, 0, -1),
    CFrame.new(-460.351624, 27.3621178, -350.197052, -1, 0, 0, 0, 1, 0, 0, 0, -1),
    CFrame.new(-513.351624, 27.3621178, -413.197052, -1, 0, 0, 0, 1, 0, 0, 0, -1),
    CFrame.new(-493.351624, 27.3621178, -411.197052, -1, 0, 0, 0, 1, 0, 0, 0, -1),
    CFrame.new(-477.648376, 27.3621216, -408.197052, -1, 0, 0, 0, 1, 0, 0, 0, -1),
    CFrame.new(-461.351624, 27.3621178, -367.197052, -1, 0, 0, 0, 1, 0, 0, 0, -1),
    CFrame.new(-460.351624, 27.3621178, -404.197052, -1, 0, 0, 0, 1, 0, 0, 0, -1),
    CFrame.new(-580.351624, 27.3621178, -413.197052, -1, 0, 0, 0, 1, 0, 0, 0, -1),
    CFrame.new(-560.351624, 27.3621178, -411.197052, -1, 0, 0, 0, 1, 0, 0, 0, -1),
    CFrame.new(-544.648376, 27.3621216, -408.197052, -1, 0, 0, 0, 1, 0, 0, 0, -1),
    CFrame.new(-527.351624, 27.3621178, -404.197052, -1, 0, 0, 0, 1, 0, 0, 0, -1),
    CFrame.new(-527.351624, 27.3621178, -404.197052, -1, 0, 0, 0, 1, 0, 0, 0, -1),
    CFrame.new(-527.351624, 27.3621178, -404.197052, -1, 0, 0, 0, 1, 0, 0, 0, -1),
    CFrame.new(-513.351624, 27.3621178, -485.197052, -1, 0, 0, 0, 1, 0, 0, 0, -1),
    CFrame.new(-527.351624, 27.3621178, -476.197052, -1, 0, 0, 0, 1, 0, 0, 0, -1),
    CFrame.new(-493.351624, 27.3621178, -483.197052, -1, 0, 0, 0, 1, 0, 0, 0, -1),
    CFrame.new(-514.351624, 27.3621178, -376.197052, -1, 0, 0, 0, 1, 0, 0, 0, -1),
    CFrame.new(-477.648376, 27.3621216, -480.197052, -1, 0, 0, 0, 1, 0, 0, 0, -1),
    CFrame.new(-541.351624, 27.3621178, -446.197052, -1, 0, 0, 0, 1, 0, 0, 0, -1),
    CFrame.new(-514.351624, 27.3621178, -448.197052, -1, 0, 0, 0, 1, 0, 0, 0, -1),
    CFrame.new(-525.648376, 27.3621216, -443.197052, -1, 0, 0, 0, 1, 0, 0, 0, -1),
    CFrame.new(-460.351624, 27.3621178, -476.197052, -1, 0, 0, 0, 1, 0, 0, 0, -1),
    CFrame.new(-460.351624, 27.3621178, -476.197052, -1, 0, 0, 0, 1, 0, 0, 0, -1),
    CFrame.new(),

}

local Time = 0.0001
local TweenService = game:GetService("TweenService")
local HumanoidRootPart = game.Players.LocalPlayer.Character.HumanoidRootPart

while true do
    for _, CFrameEnd in ipairs(CFrameEnds) do
        local tween = TweenService:Create(HumanoidRootPart, TweenInfo.new(Time), {CFrame = CFrameEnd})
        tween:Play()
        wait(4) -- Wait for 4 seconds before moving to the next CFrameEnd
    end
end
